"rank","team","conf","record","barthag","adj_o","adj_o_rk","adj_d","adj_d_rk","adj_tempo","adj_tempo_rk","proj_record","proj_conf_record","wab","wab_rk","date"
236,"Abilene Christian","Slnd","0-0",0.330930211169658,99.4728076946654,209,105.75235048089,272,70.8140739848356,286,"17.4-14.6","9.9-8.1",0.000423593188674909,153,2017-11-12
177,"Air Force","MWC","1-0",0.454192260812912,102.511612075968,146,104.162690742838,239,71.4692755163962,248,"14.8-16.2","6.6-11.4",0.0502321415509471,71,2017-11-12
212,"Akron","MAC","1-0",0.373593590673924,96.8536719812044,253,101.305744170958,153,72.1625303576996,200,"15.4-16.6","8-10",0.0245762446455851,110,2017-11-12
27,"Alabama","SEC","1-0",0.895544928823607,110.808196980583,46,91.9237488386503,16,70.5325621650593,296,"22.1-13.9","9.9-8.1",0.16591771937484,21,2017-11-12
350,"Alabama A&M","SWAC","0-1",0.0447147835828652,87.1163909296005,346,113.690555952731,350,70.6976289203443,289,"6.5-24.5","5.9-12.1",-0.782228772863865,291,2017-11-12
343,"Alabama St.","SWAC","0-2",0.0697660216107965,88.1023910569778,344,110.359387450116,337,73.2159005046035,126,"8.9-22.1","7.7-10.3",-0.935057227945824,324,2017-11-12
108,"Albany","AE","1-0",0.627447094066652,105.93349898773,100,101.238873401617,150,68.580617893342,338,"23.2-8.8","11.7-4.3",0.0909857673243123,45,2017-11-12
317,"Alcorn St.","SWAC","0-2",0.160552955736435,93.954632498352,294,108.488970842804,311,72.1177084530565,204,"16.5-15.5","11.5-6.5",-0.774915046347967,289,2017-11-12
286,"American","Pat","0-1",0.217444697571682,93.578901695347,307,104.602056616862,255,68.8967744480578,332,"10.2-19.8","5.9-12.1",-0.341964377951467,223,2017-11-12
247,"Appalachian St.","SB","0-0",0.318957375840633,98.032253153996,233,104.716732891054,258,74.2297284090901,69,"13.6-19.4","7.4-10.6",0.000847186377349818,146,2017-11-12
4,"Arizona","P12","2-0",0.954984869790644,121.358087397401,2,93.0483977080636,24,71.1238737595209,272,"30-5","15.3-2.7",0.0923038717230467,41,2017-11-12
80,"Arizona St.","P12","1-0",0.733987831099406,110.132536419864,59,100.829196452693,143,74.2409176956058,67,"16.3-15.7","7.9-10.1",0.053865559762709,68,2017-11-12
28,"Arkansas","SEC","2-0",0.895424715576449,114.472221640162,18,94.9739404912354,42,74.5721089717783,55,"22.5-12.5","10.1-7.9",0.177370956084405,19,2017-11-12
346,"Arkansas Pine Bluff","SWAC","0-2",0.0653609222208422,86.5942027139544,348,109.131953138473,320,72.0707237130113,207,"9.3-25.7","7.4-10.6",-1.67711932886719,351,2017-11-12
191,"Arkansas St.","SB","0-1",0.41612842479011,99.8240531246763,204,102.807696827834,197,71.7943189457401,227,"16-16","8.8-9.2",-0.705944413633024,281,2017-11-12
218,"Army","Pat","0-1",0.367327835356455,97.750708664006,240,102.483161276795,186,74.7810460274824,47,"14.5-15.5","8.9-9.1",-0.746406247235023,286,2017-11-12
45,"Auburn","SEC","1-0",0.859632441254193,116.118147271826,13,99.1884973184564,107,77.2846056174904,8,"21-13","8.6-9.4",0.0180116462692872,123,2017-11-12
285,"Austin Peay","OVC","0-1",0.217623692626694,97.704610560665,241,109.203768227907,325,73.0796115224427,135,"13.3-20.7","7.3-10.7",-0.557564272785449,258,2017-11-12
139,"Ball St.","MAC","0-1",0.548353408576054,103.685853860276,130,101.951212343094,168,74.496390238172,59,"18.5-13.5","11-7",-0.728057754894692,283,2017-11-12
21,"Baylor","B12","1-0",0.908200131985009,113.837068026186,22,93.2679519680508,26,69.5735461507155,321,"22.1-11.9","9.8-8.2",0.0458371613689367,78,2017-11-12
122,"Belmont","OVC","0-1",0.591963300947453,105.42386326784,107,102.06742052563,173,72.9217651612181,147,"21.5-11.5","13.4-4.6",-0.587428926008911,261,2017-11-12
338,"Bethune Cookman","MEAC","0-0",0.101363538841919,91.5000393887178,324,110.619113615552,339,72.4116478002935,184,"12.5-19.5","7.4-8.6",0.000423593188674909,166,2017-11-12
237,"Binghamton","AE","1-0",0.329510834950646,98.0112417957025,235,104.256681535254,242,71.1585965150589,269,"16.1-14.9","7.6-8.4",0.0148317112440701,132,2017-11-12
84,"Boise St.","MWC","1-0",0.722113097861132,107.109535162664,88,98.5743756399873,91,72.945609158039,144,"20.1-11.9","10.6-7.4",0.0376367469107022,88,2017-11-12
99,"Boston College","ACC","2-0",0.670679410211744,106.003508925758,99,99.6459637752078,114,74.2398600397447,68,"16.2-18.8","5.2-12.8",0.0205802574475288,119,2017-11-12
203,"Boston University","Pat","0-1",0.387545016361052,98.1934843234221,230,102.179895681255,175,73.2778614667101,119,"14.2-16.8","9.3-8.7",-0.848527809096513,304,2017-11-12
234,"Bowling Green","MAC","1-0",0.336415799939692,97.2630573786556,245,103.181491161714,211,74.0445250408937,78,"15.7-16.3","7.6-10.4",0.118832736269678,30,2017-11-12
117,"Bradley","MVC","1-0",0.607837126902166,101.224230096466,171,97.4394563044296,73,70.9634926799135,280,"19.6-13.4","9.6-8.4",0.0265588899138148,105,2017-11-12
299,"Brown","Ivy","0-0",0.198292137408137,95.8191686235794,268,108.195661400107,306,74.5215713277146,57,"9.2-17.8","3.4-10.6",0.000423593188674909,149,2017-11-12
308,"Bryant","NEC","0-1",0.182822085637421,95.256351115402,276,108.502743800207,312,73.3507614091762,111,"11-20","8.3-9.7",-0.439419209724743,245,2017-11-12
85,"Bucknell","Pat","0-2",0.714227770349461,108.965471363822,69,100.622741249233,139,73.8329276717914,87,"22.9-12.1","14.5-3.5",-1.15161111061356,342,2017-11-12
158,"Buffalo","MAC","1-0",0.507094981427352,101.141288812759,173,100.891981370568,145,74.8889894248559,45,"19.3-16.7","10.6-7.4",0.093586446251103,40,2017-11-12
39,"Butler","BE","2-0",0.866821836696624,112.656103209557,35,95.7229051378637,50,71.2344309211489,266,"20.8-14.2","9.3-8.7",0.0911930231093867,44,2017-11-12
96,"BYU","WCC","1-0",0.67587078060961,106.418390722812,94,99.830881424689,120,76.7696619029201,9,"20.8-14.2","11.1-6.9",0.00521076565728951,144,2017-11-12
257,"Cal Poly","BW","0-2",0.289868656497539,100.528916846106,185,108.674847676434,317,69.7488398470087,316,"13.1-17.9","7.6-8.4",-1.39751043894529,348,2017-11-12
167,"Cal St. Bakersfield","WAC","0-0",0.483776381998235,95.2123815027275,278,95.751373281122,52,71.5499480216391,244,"16.4-13.6","8.5-5.5",0.000423593188674909,188,2017-11-12
283,"Cal St. Fullerton","BW","0-1",0.221810169283128,92.9496011231808,315,103.668755908611,222,73.5742038884199,98,"11.5-20.5","6.3-9.7",-0.370941285565969,236,2017-11-12
326,"Cal St. Northridge","BW","0-0",0.139484955604163,93.1670134675736,311,109.138485248235,321,76.2265008652847,12,"9.6-20.4","4.2-11.8",0.000423593188674909,152,2017-11-12
176,"California","P12","1-1",0.458288759364984,99.2318470959791,218,100.685425433517,141,71.7066785736864,236,"11.3-20.7","4.1-13.9",-0.962807245682276,333,2017-11-12
225,"Campbell","BSth","0-1",0.356123243083596,100.351912842597,190,105.655250414668,269,71.4420661412457,250,"19.5-14.5","10.4-7.6",-0.22687834544782,210,2017-11-12
235,"Canisius","MAAC","0-1",0.335899700045463,100.27065531412,193,106.393495076455,281,73.4734885777954,104,"15.2-17.8","8.6-9.4",-0.47600111445386,249,2017-11-12
295,"Central Arkansas","Slnd","0-1",0.20467452617012,100.032430220433,199,112.564136940128,347,75.3010925278161,28,"13.2-21.8","7.2-10.8",-0.369311769646222,235,2017-11-12
334,"Central Connecticut","NEC","0-2",0.116244569047422,92.5541543547891,318,110.408137675602,338,70.3044480600485,302,"9.1-22.9","6.1-11.9",-1.53554976808582,350,2017-11-12
252,"Central Michigan","MAC","0-0",0.30480733094549,102.105064100695,153,109.694449783335,328,77.4347093201812,7,"16.2-19.8","6.3-11.7",0.000423593188674909,148,2017-11-12
297,"Charleston Southern","BSth","0-2",0.20208552074521,98.7607103255606,224,111.287635054178,343,71.9704714292945,215,"13.6-17.4","7.3-10.7",-0.810868415983052,297,2017-11-12
214,"Charlotte","CUSA","0-0",0.370652485751814,100.952017587114,175,105.708122638973,270,76.0063630480255,16,"14.1-14.9","8.9-9.1",0.000423593188674909,151,2017-11-12
293,"Chattanooga","SC","0-1",0.205222373158682,90.7513443293498,331,102.09049785092,174,71.0297144381846,277,"11.2-21.8","5.4-12.6",-0.682428806913532,273,2017-11-12
335,"Chicago St.","WAC","0-2",0.109432942698649,90.4780054140053,333,108.572176483458,314,72.7587080175796,157,"6.4-25.6","2.7-11.3",-0.696548608775268,277,2017-11-12
8,"Cincinnati","Amer","1-0",0.940930466282491,115.533537607297,15,90.8174835395463,5,69.954641382097,312,"29.4-6.6","14.2-3.8",0.0177338730800723,124,2017-11-12
50,"Clemson","ACC","2-0",0.844576604484827,111.678078960455,39,96.392717871005,62,71.5407493349281,245,"20.5-14.5","8.9-9.1",0.0355696871846155,93,2017-11-12
248,"Cleveland St.","Horz","0-1",0.318451963347251,93.7080901061332,302,100.11798262023,125,73.5076407415777,101,"13.2-21.8","7.1-10.9",-0.846565195136382,303,2017-11-12
186,"Coastal Carolina","SB","0-0",0.432006911660148,99.5043473402711,207,101.900670801945,167,72.9768473533753,139,"17.2-14.8","9.5-8.5",0.000423593188674909,173,2017-11-12
189,"Colgate","Pat","0-1",0.419982502401863,100.312239421324,191,103.168256451621,208,70.1350770630299,306,"17.3-15.7","9.9-8.1",-0.790497282701504,294,2017-11-12
72,"College of Charleston","CAA","1-0",0.76127211336275,105.603238349197,103,95.473475989367,48,69.2741976882324,324,"25.8-8.2","13.7-4.3",0.0226219437914718,115,2017-11-12
91,"Colorado","P12","1-0",0.686815329966197,104.27136778275,120,97.3889005759066,72,72.2007924325667,196,"15.8-16.2","7.2-10.8",0.153309278548517,22,2017-11-12
149,"Colorado St.","MWC","1-0",0.533434635243441,101.443235791743,166,100.268598490668,133,71.6451031022198,238,"15.2-16.8","7.6-10.4",0.0230459232230882,114,2017-11-12
230,"Columbia","Ivy","0-1",0.343820177407678,98.8343055506826,223,104.547986382782,254,72.9748739995213,140,"11.2-15.8","5.6-8.4",-0.0817208059943657,198,2017-11-12
67,"Connecticut","Amer","1-0",0.802716803987486,109.2303287069,65,96.6820060060926,64,69.6880002608257,317,"17.9-14.1","9.8-8.2",0.0570078688579053,67,2017-11-12
341,"Coppin St.","MEAC","0-2",0.0867325838077765,90.4647342641884,334,111.015858821888,341,73.3088689360602,116,"8.1-23.9","6.8-9.2",-1.43978134871006,349,2017-11-12
220,"Cornell","Ivy","0-1",0.361250745102736,98.438715747157,227,103.440249962507,215,73.2203263454753,125,"12-16","5.9-8.1",-0.38469429201586,239,2017-11-12
47,"Creighton","BE","2-0",0.846844456571319,112.125378225564,36,96.6326390420905,63,75.6206581508289,25,"19.4-13.6","8.6-9.4",0.0702078136761278,59,2017-11-12
275,"Dartmouth","Ivy","0-1",0.242218395073426,98.112768530951,231,108.342364070426,308,71.5585983684813,243,"8.5-18.5","4.1-9.9",-0.904976431356022,314,2017-11-12
78,"Davidson","A10","1-0",0.737414907918321,107.385034266544,85,98.1632247268072,87,72.4969011676485,178,"20.2-12.8","11.5-6.5",0.0371378627200435,90,2017-11-12
93,"Dayton","A10","1-0",0.685725250074899,102.523762664276,144,95.7988139043882,54,71.0111352993476,278,"18.3-12.7","10.1-7.9",0.0747138068113427,53,2017-11-12
211,"Delaware","CAA","1-0",0.373740657788571,99.2899089933955,216,103.848293028851,227,69.6354011307822,319,"15.1-17.9","6.9-11.1",0.223549664042129,14,2017-11-12
347,"Delaware St.","MEAC","0-0",0.0576426331321732,86.5234811164573,349,110.31975095542,336,71.0960297034702,273,"8.4-23.6","5.2-10.8",0.000423593188674909,167,2017-11-12
169,"Denver","Sum","0-1",0.481310087939574,104.516046381148,118,105.198020416207,264,72.0250432823522,211,"17.1-12.9","8.3-5.7",-0.900249182986925,313,2017-11-12
114,"DePaul","BE","0-1",0.618392190233635,103.841162589578,127,99.5724951977649,113,71.8875141504964,222,"11-20","3.9-14.1",-0.699709082334232,278,2017-11-12
200,"Detroit","Horz","0-1",0.395877337724231,104.028377975938,123,107.922986844713,299,76.6422040908724,11,"15.3-16.7","8.6-9.4",-0.34289749314679,225,2017-11-12
193,"Drake","MVC","0-0",0.412934716884665,103.859250588273,126,107.085970259712,285,72.3335378825762,192,"13.3-20.7","6.1-11.9",0.000423593188674909,182,2017-11-12
206,"Drexel","CAA","0-1",0.3782082514211,100.571775353672,183,105.014977372303,262,74.551990585386,56,"13.9-19.1","7-11",-0.956721958214363,331,2017-11-12
2,"Duke","ACC","2-0",0.957560676521332,122.67627092544,1,93.556463398955,29,73.1114862509874,132,"30-7","14.3-3.7",0.192991087988517,16,2017-11-12
208,"Duquesne","A10","1-0",0.376993260843824,101.439117450409,167,105.968264961346,276,72.9313184607852,146,"15.8-16.2","5.8-12.2",0.0195084823566148,121,2017-11-12
178,"East Carolina","Amer","1-0",0.453953174902144,98.099620647679,232,99.6879989098655,115,71.5877416738265,242,"14-16","5.3-12.7",0.0054128914434286,142,2017-11-12
150,"East Tennessee St.","SC","0-1",0.530959031286338,100.520943221932,186,99.4429332241799,111,74.4384808025745,60,"20.1-13.9","11-7",-0.564148492390899,259,2017-11-12
221,"Eastern Illinois","OVC","0-1",0.357866803970599,97.1306699940449,247,102.196251799391,176,72.64554370632,167,"16.4-14.6","10-8",-0.38782434714504,240,2017-11-12
194,"Eastern Kentucky","OVC","1-0",0.412578548289181,100.977816137269,174,104.128318972978,238,72.5032325866528,177,"18.3-12.7","10.7-7.3",0.0996812154072445,36,2017-11-12
161,"Eastern Michigan","MAC","0-0",0.497062904534817,101.445444491304,165,101.549135146135,159,72.3539290403078,189,"20.8-14.2","10.3-7.7",0.000847186377349818,147,2017-11-12
227,"Eastern Washington","BSky","0-1",0.354408039075963,101.940357823034,158,107.397550297216,292,71.3153025408973,258,"16.7-18.3","10.1-7.9",-0.587005332820236,260,2017-11-12
112,"Elon","CAA","0-1",0.620335823431737,104.59217243699,117,100.220758302478,131,72.4425056014645,182,"20.3-11.7","11.1-6.9",-0.117629479333485,200,2017-11-12
164,"Evansville","MVC","1-0",0.486197409059543,99.4632842227316,210,99.9420676421499,121,71.1406950427084,270,"16.6-15.4","7.4-10.6",0.0305492672924235,99,2017-11-12
209,"Fairfield","MAAC","1-0",0.37599285973528,97.5990819476334,243,101.994565822283,170,73.8207432342495,88,"16.9-16.1","9.4-8.6",0.14778090023022,25,2017-11-12
251,"Fairleigh Dickinson","NEC","0-2",0.305318296836354,99.8598014939466,202,107.259816289015,289,73.8957673457752,84,"16.1-14.9","11.2-6.8",-0.506558508971732,251,2017-11-12
332,"FIU","CUSA","0-1",0.121469573387607,90.1666713087374,337,107.09442067384,286,69.4512672531614,323,"9.6-22.4","4-14",-0.980197353103644,336,2017-11-12
7,"Florida","SEC","0-0",0.944453304571996,115.251094047297,16,90.083058053552,3,73.4954331885467,103,"25.5-8.5","12.6-5.4",0,193,2017-11-12
342,"Florida A&M","MEAC","0-2",0.0799599802466193,89.7510649733256,338,110.992783922357,340,73.3380499694699,114,"9.5-24.5","6.7-9.3",-1.24227052348102,344,2017-11-12
240,"Florida Atlantic","CUSA","0-1",0.327615876712281,97.4958046746338,244,103.785891510346,226,72.1259021708927,203,"14.6-16.4","8.6-9.4",-0.892553182793631,311,2017-11-12
113,"Florida Gulf Coast","ASun","1-0",0.618677538501094,108.201253960571,77,103.742443082324,224,71.8796111476617,223,"26-9","11.4-2.6",0.0980131868773337,38,2017-11-12
63,"Florida St.","ACC","0-0",0.808554060336332,109.014837966678,67,96.1789748769543,60,74.6316739774743,52,"18.8-16.2","7.8-10.2",0,194,2017-11-12
205,"Fordham","A10","0-1",0.381921103718467,93.6252743677136,304,97.6277152745654,77,69.597347142999,320,"11.5-19.5","5.3-12.7",-0.93377289974298,322,2017-11-12
188,"Fort Wayne","Sum","0-1",0.421556260463857,100.84728800059,177,103.660317584648,221,75.2495468954504,30,"18.4-14.6","7.4-6.6",-0.767156202188543,287,2017-11-12
88,"Fresno St.","MWC","0-0",0.698362314795233,105.081466660538,111,97.683721246123,82,72.5189191213362,175,"20.4-11.6","10.3-7.7",0.000423593188674909,154,2017-11-12
119,"Furman","SC","0-0",0.60013237556819,105.131082901186,109,101.484104451576,155,70.8691599312761,284,"21.4-11.6","12.1-5.9",0.000423593188674909,186,2017-11-12
219,"Gardner Webb","BSth","0-1",0.366320045394191,97.0928423880583,248,101.831859617683,163,74.186861473841,70,"17-15","10.5-7.5",-0.334536378113419,222,2017-11-12
181,"George Mason","A10","1-1",0.450617329450525,100.157702891272,196,101.898654203817,166,71.9118456185279,221,"14.4-18.6","6.7-11.3",-0.33330846877413,221,2017-11-12
195,"George Washington","A10","1-0",0.409419081217149,99.7953745699205,205,103.025843894388,206,70.9280313058775,282,"12.3-20.7","6-12",0.00938756922051209,136,2017-11-12
92,"Georgetown","BE","1-0",0.686702449257458,102.515261456425,145,95.7530756430536,53,72.8660349420319,151,"15-15","5-13",0.0168362505108341,128,2017-11-12
58,"Georgia","SEC","1-0",0.826002428761646,106.841740922017,90,93.308293833198,28,71.967656660434,217,"17-16","7.6-10.4",0.00896494798458858,137,2017-11-12
111,"Georgia Southern","SB","1-0",0.621808710431062,107.179772499506,87,102.644333838072,188,72.3584375113531,188,"22.7-10.3","12.3-5.7",0.454684048754119,5,2017-11-12
137,"Georgia St.","SB","0-0",0.556633265382301,102.298736413325,148,100.294805108234,134,72.2004803979448,197,"21.6-13.4","11.2-6.8",0.000423593188674909,179,2017-11-12
74,"Georgia Tech","ACC","0-1",0.757050574454608,101.538546685809,164,91.9831800335274,17,71.9757207767688,214,"16.5-15.5","6.5-11.5",-0.595342838959013,263,2017-11-12
22,"Gonzaga","WCC","1-0",0.899422981984557,111.828143148878,38,92.4304371778423,18,74.0453622373607,77,"29.9-7.1","15.3-2.7",0.0350155981522143,96,2017-11-12
349,"Grambling St.","SWAC","0-1",0.0512568788554309,85.3222012417257,350,109.969041860755,332,72.031772438399,210,"8.1-22.9","6.4-11.6",-0.696170106793185,276,2017-11-12
121,"Grand Canyon","WAC","1-0",0.592223493079684,101.156708945015,172,97.9269479589494,84,72.709903944663,162,"23.9-10.1","9.7-4.3",0.00678343532136538,140,2017-11-12
274,"Green Bay","Horz","0-0",0.245136642916524,94.0858028173601,293,103.752575730946,225,77.5613683606066,6,"12.6-20.4","5.7-12.3",0,196,2017-11-12
284,"Hampton","MEAC","0-1",0.218632987884155,93.7321870983424,301,104.709919921554,257,73.3054446837251,117,"19-16","10.7-5.3",-0.738234053949506,285,2017-11-12
321,"Hartford","AE","1-0",0.153687449866857,93.0887183011287,314,107.974816535963,301,72.3953253766939,186,"11.2-21.8","4.2-11.8",0.0208825221473892,117,2017-11-12
101,"Harvard","Ivy","1-0",0.664958322695457,104.318622865133,119,98.2822911105424,89,71.3087612738821,260,"19.7-12.3","9.9-4.1",0.0590757055201856,66,2017-11-12
224,"Hawaii","BW","2-0",0.356248681309213,96.948658221618,251,102.067287611188,172,72.6622349086935,164,"16.7-13.3","8.8-7.2",0.0511425822290434,70,2017-11-12
268,"High Point","BSth","1-0",0.258417507579804,95.305735638294,274,104.455424282892,250,70.4184288209995,299,"15.1-14.9","8.5-9.5",0.075215973826252,52,2017-11-12
155,"Hofstra","CAA","1-0",0.513314477927061,104.948672986589,114,104.463652096823,252,72.1455383426986,201,"16-15","9.3-8.7",0.030425512593187,100,2017-11-12
265,"Holy Cross","Pat","1-0",0.265600329951612,94.7086488592639,283,103.466241305962,216,66.4490698791012,349,"11-20","7-11",0.0696499630192287,60,2017-11-12
70,"Houston","Amer","1-0",0.787268204688916,110.700269951079,49,98.7943553042669,97,69.8801375936794,313,"19.9-15.1","9.9-8.1",0.0234958450834531,112,2017-11-12
292,"Houston Baptist","Slnd","0-1",0.206300588198255,95.9621911421953,266,107.890511188209,297,74.3081691355733,62,"11.8-19.2","7.3-10.7",-0.436358316943955,244,2017-11-12
340,"Howard","MEAC","0-2",0.0872215850906611,89.3121182840335,339,109.542728464804,327,72.7289397768177,160,"10.1-22.9","6.7-9.3",-1.24939655661814,345,2017-11-12
154,"Idaho","BSky","0-1",0.513405432913991,102.95528859229,140,102.476235781007,185,71.368169469798,256,"20.7-10.3","12.7-5.3",-0.364027760332668,232,2017-11-12
301,"Idaho St.","BSky","0-1",0.195894264848421,96.4547569713842,260,109.056948444139,319,73.1165724625972,131,"12.3-17.7","6.9-11.1",-0.426575228689737,243,2017-11-12
77,"Illinois","B10","2-0",0.743089782276674,105.467746390434,106,96.1634661052536,59,73.0950467406062,134,"17.3-14.7","6.9-11.1",0.0376483220092231,87,2017-11-12
162,"Illinois Chicago","Horz","1-0",0.490419683300608,102.100737845095,154,102.441575790965,184,75.2831054916977,29,"20.8-15.2","10.2-7.8",0.0154834559227626,129,2017-11-12
127,"Illinois St.","MVC","0-1",0.577817136492287,99.4371767978175,211,96.760364792536,66,71.0087768315504,279,"15.8-17.2","9-9",-0.703182164240321,279,2017-11-12
243,"Incarnate Word","Slnd","0-0",0.325289402917745,101.967880564656,157,108.646404630463,316,75.1186888390259,36,"15.7-12.3","9.9-8.1",0.000423593188674909,157,2017-11-12
81,"Indiana","B10","1-1",0.732371031023683,111.062750727846,42,101.753933099346,161,72.7381543071085,159,"13.9-17.1","6.2-11.8",-0.893700151708422,312,2017-11-12
144,"Indiana St.","MVC","1-0",0.54059443089982,99.9966921423742,200,98.5916090777193,92,73.3461124541476,112,"16.8-14.2","8.3-9.7",0.513123077531595,3,2017-11-12
123,"Iona","MAAC","0-1",0.588338814954636,106.018739679531,97,102.777194947,195,74.1242665321641,74,"20.1-13.9","12.6-5.4",-0.730743491532046,284,2017-11-12
46,"Iowa","B10","2-0",0.851559821469004,112.755638672173,33,96.8651406095993,67,74.2942594988956,64,"21.2-11.8","9.5-8.5",0.0152670177571836,130,2017-11-12
51,"Iowa St.","B12","0-1",0.841931524568607,110.234404347733,57,95.3123555050684,45,72.4478432907581,180,"16.8-14.2","7.1-10.9",-0.371411257028208,237,2017-11-12
228,"IUPUI","Horz","0-1",0.350287062177866,99.0282724620527,221,104.493532982864,253,72.5073214891711,176,"13.1-16.9","7.7-10.3",-0.662975857313282,270,2017-11-12
336,"Jackson St.","SWAC","0-0",0.106518064745945,88.3858130759566,343,106.341073572891,280,69.6742153010412,318,"12.9-19.1","9.6-8.4",0.000423593188674909,161,2017-11-12
311,"Jacksonville","ASun","0-2",0.17667674731784,95.5142143561521,272,109.191532938239,323,72.9627393521376,141,"14.5-18.5","5.5-8.5",-1.12076097157177,341,2017-11-12
147,"Jacksonville St.","OVC","0-0",0.535238165039981,103.019732183656,139,101.762680230653,162,69.0459425503528,331,"24.1-11.9","12.2-5.8",0.000423593188674909,187,2017-11-12
255,"James Madison","CAA","0-0",0.293798367765509,95.2528926561633,277,102.801183791419,196,69.0937654487112,328,"11.4-20.6","5.5-12.5",0.000423593188674909,180,2017-11-12
6,"Kansas","B12","1-0",0.946281488331039,116.614853480616,11,90.8688550435701,7,74.1410554399756,72,"29.1-9.9","12.3-5.7",0.0483833816922029,75,2017-11-12
40,"Kansas St.","B12","1-0",0.866354831090046,109.314063326578,64,92.9158341730622,22,70.6308534083367,292,"22.4-14.6","8-10",0.0169998050886662,126,2017-11-12
312,"Kennesaw St.","ASun","0-1",0.175928974608828,94.6730916387381,284,108.278436149633,307,73.9470313569771,82,"10.5-19.5","5.5-8.5",-0.244558516086304,213,2017-11-12
190,"Kent St.","MAC","1-0",0.419467230047343,99.8306012004617,203,102.691795561982,189,73.3956860261528,109,"17.6-16.4","9.1-8.9",0.0383988178276544,85,2017-11-12
9,"Kentucky","SEC","2-0",0.932237214074469,114.262859728894,19,90.9708033355548,9,74.0812931927457,75,"26.9-10.1","11.7-6.3",0.312170426523398,8,2017-11-12
98,"La Salle","A10","1-0",0.673710590342445,106.692039405242,92,100.173300303696,128,71.9549468702511,219,"17.9-14.1","10.1-7.9",0.0474392413532184,77,2017-11-12
290,"Lafayette","Pat","0-1",0.20728619113338,96.2361608569011,262,108.142017577769,305,72.589300879829,171,"10.1-20.9","5.7-12.3",-0.833931539244903,299,2017-11-12
185,"Lamar","Slnd","1-0",0.436077976979101,101.934778825343,159,104.239304920315,241,73.0501558106218,137,"22.6-10.4","11.9-6.1",0.408779065475142,7,2017-11-12
198,"Lehigh","Pat","1-0",0.403148325467158,99.2863814950135,217,102.732346926773,192,73.1062149898431,133,"15.6-14.4","9.6-8.4",0.0689484372615965,62,2017-11-12
163,"Liberty","BSth","0-0",0.487596148828522,102.26360542547,150,102.705853854352,191,68.4232055697559,342,"25.4-11.6","12.5-5.5",0.000423593188674909,168,2017-11-12
124,"Lipscomb","ASun","1-0",0.587274014293673,107.575873519979,83,104.326580000822,247,76.746250871851,10,"21.9-11.1","11.1-2.9",0.0251196570380741,108,2017-11-12
319,"Little Rock","SB","0-0",0.157668462004045,88.9996212227823,340,102.960286780137,202,68.8425360738707,334,"9.1-22.9","3.7-14.3",-0.999576406811325,337,2017-11-12
281,"LIU Brooklyn","NEC","0-1",0.225880334677241,96.7218710436098,256,107.65651409878,294,74.124723901965,73,"17.4-17.6","9.5-8.5",-0.775119593374654,290,2017-11-12
202,"Long Beach St.","BW","1-0",0.393247563074383,99.0292668425652,220,102.835113661998,198,74.307946321828,63,"16.3-16.7","9.4-6.6",0.277656779753343,10,2017-11-12
339,"Longwood","BSth","0-1",0.0960783142152876,90.5633793025877,332,110.05385650728,334,74.4200836932403,61,"9-24","4.2-13.8",-0.8411489181564,301,2017-11-12
105,"Louisiana Lafayette","SB","0-1",0.654787964020057,108.899941498098,70,103.003611000413,205,75.653287689274,24,"22.8-11.2","12.8-5.2",-0.609407993211431,265,2017-11-12
215,"Louisiana Monroe","SB","0-2",0.36937787053492,97.8677828902844,238,102.527319908562,187,70.8919676455381,283,"16.3-15.7","8.2-9.8",-0.869287680348763,308,2017-11-12
110,"Louisiana Tech","CUSA","0-0",0.625934598724813,103.39996963598,135,98.8731905858818,100,73.1180086715598,130,"23.2-9.8","12.5-5.5",0.000423593188674909,190,2017-11-12
18,"Louisville","ACC","1-0",0.917736373152702,112.906133872247,30,91.5439615428372,14,72.0660030387937,208,"26.3-9.7","11.7-6.3",0.0520629026045969,69,2017-11-12
83,"Loyola Chicago","MVC","1-0",0.726657739075666,107.682624897522,82,98.9058281798898,101,70.7580882466268,287,"24.3-13.7","11.9-6.1",0.102117713940609,33,2017-11-12
260,"Loyola Marymount","WCC","0-1",0.279022623198638,96.661396716907,257,104.979305191912,261,71.8381238046056,226,"10.7-20.3","5.2-12.8",-0.687581209574048,274,2017-11-12
222,"Loyola MD","Pat","0-1",0.357348102423509,97.8177995357008,239,102.939426009574,200,71.8426645033262,225,"14.2-16.8","8.8-9.2",-0.510500094604737,253,2017-11-12
76,"LSU","SEC","1-0",0.749474574848916,110.503476514727,54,100.459934243967,136,74.1701259544536,71,"15.4-17.6","5.7-12.3",0.00954784113253748,135,2017-11-12
333,"Maine","AE","0-1",0.119275088532393,91.200241515689,327,108.517433285224,313,72.786322277962,153,"7.7-24.3","3.4-12.6",-0.525438686908377,254,2017-11-12
175,"Manhattan","MAAC","0-0",0.46554538493529,102.160762970461,152,103.394411909857,214,73.4705589245145,105,"17.1-13.9","10.6-7.4",0,197,2017-11-12
305,"Marist","MAAC","0-1",0.189288537092326,96.2168566511875,263,109.190599766713,322,71.4344718208465,251,"8.9-22.1","5.7-12.3",-0.954749305304298,329,2017-11-12
30,"Marquette","BE","1-0",0.883698265929886,117.785371506692,5,98.743200237123,94,73.5832657273982,97,"22.3-12.7","9.9-8.1",0.040679526942066,81,2017-11-12
213,"Marshall","CUSA","1-0",0.372274766529419,102.659127685964,143,107.430729564566,293,78.7246786184195,4,"17.5-18.5","8.2-9.8",0.0234161860167786,113,2017-11-12
24,"Maryland","B10","2-0",0.898997717344318,113.185658371496,26,93.590657218239,30,71.765536923647,231,"22.7-9.3","10.5-7.5",0.0916952360156641,42,2017-11-12
324,"Maryland Eastern Shore","MEAC","0-1",0.146355999552955,94.3454093825476,288,109.981044421356,333,71.9558177114048,218,"13.3-18.7","9-7",-0.351449583776077,226,2017-11-12
174,"Massachusetts","A10","1-1",0.466796818572777,96.587065719172,258,97.710672536388,83,73.3551573594851,110,"13.7-19.3","6.4-11.6",-0.66168108416166,269,2017-11-12
310,"McNeese St.","Slnd","0-1",0.178422796324614,94.5075939256781,286,107.928490064345,300,73.5038506574928,102,"11.7-17.3","6.6-11.4",-0.238114252835239,211,2017-11-12
132,"Memphis","Amer","0-1",0.566822629428095,101.751880237349,160,99.4002638256564,110,72.6909853098294,163,"15.5-18.5","6.6-11.4",-0.588382073011168,262,2017-11-12
100,"Mercer","SC","0-1",0.669412749131919,110.548063179619,53,103.969744024232,230,68.4330525398668,341,"22.9-11.1","13.1-4.9",-0.661614467540706,268,2017-11-12
15,"Miami FL","ACC","2-0",0.926414661476869,113.856869718128,21,91.3494290200407,12,69.1601703987867,326,"24.7-7.3","12.6-5.4",0.0830121584872583,50,2017-11-12
272,"Miami OH","MAC","1-0",0.249492523036874,93.3764151788004,310,102.76099076091,193,72.6084684026306,169,"12.6-21.4","5.5-12.5",0.0832249286059618,49,2017-11-12
35,"Michigan","B10","1-0",0.870743824022923,114.705728503997,17,97.173294030521,70,68.6287890473183,336,"25.2-15.8","9.6-8.4",0.0282986060172052,102,2017-11-12
1,"Michigan St.","B10","1-0",0.958023145867326,119.230733617683,3,90.8383890342684,6,72.0819542215439,206,"29.3-5.7","14.4-3.6",0.0282986060172052,103,2017-11-12
95,"Middle Tennessee","CUSA","0-0",0.680161677297996,104.248819870074,121,97.6286063931309,78,69.7832536124817,315,"20.5-12.5","13.2-4.8",0.000423593188674909,174,2017-11-12
197,"Milwaukee","Horz","0-0",0.403200466885619,100.451302543266,188,103.935740821809,229,68.152379763101,345,"16.3-16.7","8.7-9.3",0.000423593188674909,185,2017-11-12
36,"Minnesota","B10","1-0",0.868807227867519,111.415788525616,40,94.5266481933628,39,73.8163014695731,89,"20.5-11.5","9.6-8.4",0.0142040317826209,133,2017-11-12
48,"Mississippi","SEC","1-0",0.845202628815262,113.002907509466,29,97.4957104699356,75,75.2330822849704,32,"19-13","8.2-9.8",0.234214300021075,12,2017-11-12
49,"Mississippi St.","SEC","1-0",0.844832242111956,110.728800006645,48,95.5571722381565,49,73.8555290056635,85,"22.8-14.2","8.3-9.7",0.00815310239721212,138,2017-11-12
351,"Mississippi Valley St.","SWAC","0-1",0.0288170233509989,83.6597911838496,351,113.594178629358,349,73.733347036117,93,"4.7-27.3","4.2-13.8",-0.54730292541598,257,2017-11-12
44,"Missouri","SEC","1-0",0.859876565073394,111.101559614857,41,94.8866051439217,41,71.6212875040215,241,"19.7-13.3","8.3-9.7",0.187465885824439,17,2017-11-12
87,"Missouri St.","MVC","1-0",0.703871257772432,108.393654934612,75,100.532644480609,138,71.1305893597949,271,"23.3-9.7","11.4-6.6",0.565560303037461,2,2017-11-12
146,"Monmouth","MAAC","1-1",0.539183598018462,100.274729701404,192,98.9145785386005,102,75.1366002142415,35,"16.7-14.3","11.6-6.4",-0.125195464354274,201,2017-11-12
160,"Montana","BSky","0-0",0.505018310459236,103.72031833605,128,103.53942643915,219,71.3146301266668,259,"21.4-12.6","12.4-5.6",0.000423593188674909,150,2017-11-12
187,"Montana St.","BSky","1-0",0.428176630791289,102.408345843612,147,105.017210058437,263,73.5535053526326,99,"19.4-12.6","11.2-6.8",0.0251444741062234,107,2017-11-12
296,"Morehead St.","OVC","0-2",0.203558413696332,93.7940800349234,298,105.607342082524,268,72.5857750379342,172,"10.4-18.6","6.6-11.4",-0.942963197261262,327,2017-11-12
302,"Morgan St.","MEAC","0-1",0.194317568360573,92.5673076706234,317,104.753004198609,260,73.2095183751841,127,"16-16","10.4-5.6",-0.925174646962485,321,2017-11-12
254,"Mount St. Mary's","NEC","0-1",0.295127117174727,94.7683817510442,282,102.221411228345,179,71.1957952983129,267,"17.8-14.2","11-7",-0.368943036947346,234,2017-11-12
156,"Murray St.","OVC","0-0",0.512407975562096,104.9108268717,115,104.458933946796,251,72.3973181586106,185,"20.1-11.9","12.5-5.5",0.000423593188674909,158,2017-11-12
179,"Navy","Pat","1-1",0.45363729398219,98.9012391157146,222,100.513734879001,137,70.0853571763848,309,"19.1-12.9","10.5-7.5",-0.288147244731235,218,2017-11-12
90,"Nebraska","B10","1-0",0.691116057923373,103.89799573691,125,96.8709669460012,68,72.1635867778351,199,"15.5-17.5","6.1-11.9",0.0394320008215214,83,2017-11-12
241,"Nebraska Omaha","Sum","0-2",0.325568734063097,99.4314495805932,212,105.932125008626,275,78.3042535002142,5,"12.4-18.6","6-8",-1.26994345420067,346,2017-11-12
57,"Nevada","MWC","1-0",0.829751153625044,111.036925807177,43,96.7504949965071,65,74.247310527506,66,"25.6-11.4","13-5",0.0914580324880291,43,2017-11-12
223,"New Hampshire","AE","0-0",0.357009397656358,96.7951662740433,255,101.876316372828,165,70.1756157616006,305,"15.9-15.1","8-8",0.000423593188674909,181,2017-11-12
180,"New Mexico","MWC","0-0",0.451763079288791,99.6048230485752,206,101.295399120269,152,72.7168318856288,161,"13.8-20.2","6.8-11.2",0.000423593188674909,177,2017-11-12
97,"New Mexico St.","WAC","0-0",0.675021136782031,106.814773458718,91,100.236503760848,132,71.0553844598829,276,"23.3-10.7","10.7-3.3",0.000423593188674909,184,2017-11-12
294,"New Orleans","Slnd","0-1",0.205200017087368,91.3557422297136,325,102.771638699511,194,71.2805451208042,261,"12.7-20.3","7.4-10.6",-0.475542139285846,248,2017-11-12
172,"Niagara","MAAC","1-0",0.472479683452598,102.661401004836,142,103.649827230021,220,73.4166589156842,107,"19.3-13.7","10.7-7.3",0.485855343394251,4,2017-11-12
263,"Nicholls St.","Slnd","1-0",0.268365756931383,99.1084491090097,219,108.139925207515,304,75.39042781734,27,"17-15","9.2-8.8",0.0859850230437905,47,2017-11-12
318,"NJIT","ASun","0-1",0.158721326641911,90.1896647608966,335,104.265296092959,243,72.5707680120476,174,"11.1-18.9","5.1-8.9",-0.939521615077417,325,2017-11-12
307,"Norfolk St.","MEAC","0-1",0.187903567238993,92.9193693443985,316,105.531504547121,267,73.3428477400225,113,"17-16","10-6",-0.325430077240187,220,2017-11-12
17,"North Carolina","ACC","1-0",0.920666565987593,116.37921094654,12,94.0367226980791,33,75.0298905372783,38,"24.7-12.3","11.3-6.7",0.15282343147941,23,2017-11-12
337,"North Carolina A&T","MEAC","0-1",0.103558697228615,95.2952884808361,275,114.968494598206,351,68.5302636850817,339,"13.1-21.9","7.5-8.5",-0.262238018388742,216,2017-11-12
304,"North Carolina Central","MEAC","0-1",0.190313671709714,91.2608338833474,326,103.506295342886,217,70.5559756979709,295,"19.5-15.5","10.4-5.6",-0.793740652841463,295,2017-11-12
79,"North Carolina St.","ACC","2-0",0.734979634120238,108.527014877795,74,99.3153691949364,109,74.6993989752807,48,"17.2-15.8","6-12",0.0482824914430898,76,2017-11-12
231,"North Dakota","BSky","1-1",0.341658200008018,97.2364419892594,246,102.943625070596,201,75.7809666166173,18,"15-17","8.8-9.2",-0.67711932886719,272,2017-11-12
196,"North Dakota St.","Sum","0-1",0.409106049680286,100.08387649021,198,103.335318596978,212,70.586135020856,294,"15.6-16.4","7.3-6.7",-0.673205026970236,271,2017-11-12
327,"North Florida","ASun","0-2",0.138250764231261,92.4641474202111,320,108.412380240216,310,75.7185518046628,21,"9.9-23.1","4.6-9.4",-0.353977389450514,229,2017-11-12
306,"North Texas","CUSA","0-0",0.188205364083275,94.3390113799355,289,107.125423990538,287,73.0736334364422,136,"13-25","6.2-11.8",0.000423593188674909,159,2017-11-12
136,"Northeastern","CAA","1-0",0.55674245691903,101.995124209242,156,99.9932931302018,124,70.5978824190898,293,"17.8-15.2","10-8",0.117853334584781,31,2017-11-12
331,"Northern Arizona","BSky","0-1",0.123154309325545,90.9662644241636,330,107.896782990823,298,73.6696796321131,95,"7.9-24.1","4.4-13.6",-0.35223110062772,227,2017-11-12
210,"Northern Colorado","BSky","0-1",0.374196812557021,99.4280899451957,213,103.975200128187,231,72.7739247494342,155,"20.3-17.7","9.4-8.6",-0.619895439242173,266,2017-11-12
249,"Northern Illinois","MAC","0-0",0.317023375917465,94.9454060429419,280,101.498080789423,156,71.4312041228991,252,"12.6-18.4","6.8-11.2",0,192,2017-11-12
130,"Northern Iowa","MVC","0-1",0.573920750774034,99.4859320801229,208,96.9421937410507,69,68.5220110561118,340,"16-16","8.9-9.1",-0.205247363683264,205,2017-11-12
107,"Northern Kentucky","Horz","1-0",0.639244431201035,106.016273351685,98,100.871353019903,144,72.9167642420833,149,"21.4-10.6","12.6-5.4",0.148646970609248,24,2017-11-12
32,"Northwestern","B10","1-0",0.882441390568031,112.068194646265,37,94.0498058977304,34,71.0585439079526,275,"21.1-10.9","10.1-7.9",0.0172556621025222,125,2017-11-12
278,"Northwestern St.","Slnd","0-1",0.236617677295965,100.364906602576,189,111.126138902578,342,75.7455486515099,19,"13.4-15.6","8.2-9.8",-1.34823233058371,347,2017-11-12
20,"Notre Dame","ACC","1-0",0.913252902481996,117.860657120029,4,96.0439617426089,56,70.7237644864026,288,"26.2-9.8","11.6-6.4",0.438648731704882,6,2017-11-12
86,"Oakland","Horz","1-0",0.709789812676092,107.310879108157,86,99.2815049999433,108,75.7230945643903,20,"23.6-9.4","13.8-4.2",0.070923188174698,58,2017-11-12
168,"Ohio","MAC","1-0",0.483492718746992,98.4171720640014,228,98.9840822794828,104,74.8865188945181,46,"18-13","10.2-7.8",0.00381767695796231,145,2017-11-12
71,"Ohio St.","B10","2-0",0.779365886986038,108.97284989703,68,97.6472817832261,79,73.3006754868171,118,"18.6-15.4","7.9-10.1",0.0981655503968987,37,2017-11-12
33,"Oklahoma","B12","1-0",0.882400603959474,110.601755276538,52,92.8223144127332,21,74.6984573800684,49,"18-14","8.6-9.4",0.0251444741062234,106,2017-11-12
55,"Oklahoma St.","B12","1-0",0.832833963152709,112.673351383545,34,97.988888469252,86,73.7774209216048,91,"19.7-16.3","6.8-11.2",0.0402189859964293,82,2017-11-12
106,"Old Dominion","CUSA","1-0",0.653311986938083,100.145020202357,197,94.7764650077044,40,66.6528361168791,348,"22.8-9.2","13.5-4.5",0.0690194421605727,61,2017-11-12
267,"Oral Roberts","Sum","0-0",0.261215618905897,96.9804649112609,250,106.156537702871,277,73.2230220143381,124,"11.4-20.6","5-9",0.000423593188674909,155,2017-11-12
34,"Oregon","P12","1-0",0.877305964708196,112.859266149089,31,95.1147482418347,44,71.7094382218829,235,"25.8-10.2","11.4-6.6",0.0054128914434286,143,2017-11-12
73,"Oregon St.","P12","1-0",0.759805652988799,108.304163285278,76,97.9839040693045,85,70.8220911942059,285,"19.3-12.7","8.4-9.6",0.0372131537220273,89,2017-11-12
216,"Pacific","WCC","0-1",0.368140715352497,99.3389109010961,215,104.116596104852,236,71.9398082144611,220,"12.9-19.1","6.6-11.4",-0.532813342698899,255,2017-11-12
153,"Penn","Ivy","0-1",0.521277415353363,101.678102318121,161,100.927925281016,146,71.4855013933547,247,"17.9-15.1","8-6",-0.840393042271277,300,2017-11-12
53,"Penn St.","B10","2-0",0.836801699078189,106.549794855216,93,92.4318363601958,19,75.6863668172872,22,"23.5-15.5","9-9",0.0729705348684467,57,2017-11-12
287,"Pepperdine","WCC","0-1",0.215788899733309,94.5044061963092,287,105.726250415197,271,72.3044096165535,193,"9.1-22.9","4.2-13.8",-0.353611763064516,228,2017-11-12
166,"Pittsburgh","ACC","0-1",0.484706255793004,100.888989927974,176,101.427273647368,154,70.51691166172,297,"10.2-21.8","2.9-15.1",-0.85119247065025,306,2017-11-12
298,"Portland","WCC","0-1",0.198443969539575,93.7931896510559,299,105.899203791506,274,70.2770399785072,303,"10.3-21.7","3.9-14.1",-0.92123168499458,319,2017-11-12
250,"Portland St.","BSky","1-0",0.309839119777228,100.79444222123,178,108.06406228132,302,74.8937093770212,44,"15.6-18.4","8.6-9.4",0.112627942581284,32,2017-11-12
288,"Prairie View A&M","SWAC","0-1",0.214153207116301,95.8788765624343,267,107.354374424752,291,72.5785655633851,173,"16.4-17.6","12.8-5.2",-0.415913484304364,242,2017-11-12
344,"Presbyterian","BSth","0-1",0.0676345791666686,88.8645320948748,341,111.637018562345,344,69.7881287268563,314,"8.5-23.5","3.1-14.9",-0.208759086397773,206,2017-11-12
94,"Princeton","Ivy","0-1",0.680228218634874,105.53313659223,105,98.828735071362,99,68.8530037985178,333,"18.8-10.2","10.1-3.9",-0.244558516086304,212,2017-11-12
29,"Providence","BE","1-0",0.884009014734745,111.003699615325,44,93.0334184405708,23,71.1842815963881,268,"22.5-12.5","9.9-8.1",0.0151110933974691,131,2017-11-12
14,"Purdue","B10","2-0",0.92730496308946,115.578563774538,14,92.6249352839394,20,73.8522684110845,86,"27.5-9.5","12.3-5.7",0.0289187532044367,101,2017-11-12
316,"Quinnipiac","MAAC","1-0",0.162478731061701,93.4331299408287,308,107.753472263092,295,75.2084988395597,33,"9.4-23.6","4.8-13.2",0.021013697424393,116,2017-11-12
238,"Radford","BSth","0-1",0.328225639207319,97.6489139049551,242,103.923872988193,228,70.0733974815959,310,"17.8-18.2","9.9-8.1",-0.225115118019032,208,2017-11-12
43,"Rhode Island","A10","1-0",0.862126441355222,110.44061183634,55,94.1680523899394,37,71.3988549862002,254,"24-10","13.8-4.2",0.0684283473668105,63,2017-11-12
313,"Rice","CUSA","0-1",0.171349576146673,92.2082800731172,321,105.752500514126,273,74.9774030781964,42,"9.7-21.3","5.8-12.2",-0.974298452175489,335,2017-11-12
184,"Richmond","A10","0-1",0.447075820747363,101.237001319506,170,103.125009861334,207,72.4425826441363,181,"11-21","6.5-11.5",-0.957730006349487,332,2017-11-12
259,"Rider","MAAC","1-0",0.286621146463135,95.8121131278983,269,103.718504213579,223,75.161753357103,34,"13-19","7.6-10.4",0.0367870375422469,92,2017-11-12
330,"Robert Morris","NEC","0-1",0.128429623228712,87.0986314478546,347,102.879208405028,199,73.2654845875627,121,"9.3-23.7","6.5-11.5",-0.225538711207707,209,2017-11-12
133,"Rutgers","B10","1-0",0.565577248528649,100.732481359339,180,98.4478211471263,90,71.3762591822982,255,"14.9-19.1","4-14",0.0208825221473892,118,2017-11-12
314,"Sacramento St.","BSky","0-1",0.1642031476651,94.1047992475241,292,108.409070468842,309,70.6710856413791,290,"9.8-22.2","5.2-12.8",-0.845121338242739,302,2017-11-12
282,"Sacred Heart","NEC","0-1",0.2223632154281,96.0862299732848,264,107.137280675285,288,75.0206985662421,40,"14.1-16.9","9.4-8.6",-0.970619621408262,334,2017-11-12
82,"Saint Joseph's","A10","0-1",0.727947378278721,108.745565226827,72,99.8256724619864,119,72.9176694321366,148,"19.2-12.8","11.5-6.5",-0.654154519633544,267,2017-11-12
116,"Saint Louis","A10","1-0",0.608222566969778,102.062869303013,155,98.2329232241531,88,68.5849150137377,337,"18-15","9.1-8.9",0.0732538018234467,55,2017-11-12
19,"Saint Mary's","WCC","1-0",0.913391379181394,117.597610705947,7,95.8150315903004,55,66.0215682855664,350,"32.2-3.8","15.7-2.3",0.0436068593694691,79,2017-11-12
199,"Saint Peter's","MAAC","0-1",0.400096563963001,95.6131412858185,271,99.0409223414913,105,66.7190552109504,347,"16.3-15.7","9.8-8.2",-0.690842245398356,275,2017-11-12
253,"Sam Houston St.","Slnd","0-0",0.30267063253449,95.051337015322,279,102.206180333878,178,73.803852110592,90,"18-18","9.4-8.6",0.000423593188674909,156,2017-11-12
129,"Samford","SC","0-1",0.575676169028639,106.849713185318,89,104.052684374541,235,72.6125499263167,168,"19.7-12.3","11.7-6.3",-0.360269059994511,230,2017-11-12
165,"San Diego","WCC","1-0",0.485144264936587,100.681777133303,182,101.203521624246,149,69.1576961770073,327,"18.9-15.1","8.3-9.7",0.079128404484058,51,2017-11-12
41,"San Diego St.","MWC","0-0",0.865215809810618,109.515064799763,62,93.1660610982556,25,70.3802022303349,301,"25.9-7.1","13.9-4.1",0.000423593188674909,164,2017-11-12
120,"San Francisco","WCC","0-1",0.600001283239142,102.18881662118,151,98.6485905458852,93,72.871916846655,150,"24-15","10-8",-0.940189658997974,326,2017-11-12
280,"San Jose St.","MWC","0-1",0.227124559670147,93.8481706380251,296,104.39344708128,249,74.5833681153574,54,"6.8-23.2","3.1-14.9",-0.868614228998755,307,2017-11-12
128,"Santa Clara","WCC","0-0",0.576207593294268,103.171182654171,137,100.451439542569,135,68.377340254802,343,"19.4-11.6","9.7-8.3",0.000423593188674909,176,2017-11-12
328,"Savannah St.","MEAC","0-1",0.136804383480038,93.5952432464376,305,109.854991760121,330,83.1216580963512,2,"12.3-19.7","8.4-7.6",-0.163044128537587,203,2017-11-12
261,"Seattle","WAC","0-1",0.269931447808796,93.4036907532049,309,101.844793884328,164,71.7672303034471,230,"16.4-17.6","5.6-8.4",-0.714104911457187,282,2017-11-12
23,"Seton Hall","BE","2-0",0.899419962970008,112.84354885907,32,93.2699813174855,27,71.7850127743914,229,"22.7-11.3","10.6-7.4",0.0937672017365213,39,2017-11-12
256,"Siena","MAAC","0-1",0.293694613778649,96.5545772667419,259,104.210551920234,240,72.9461879294513,143,"12.4-19.6","7.7-10.3",-0.705061940717446,280,2017-11-12
320,"SIU Edwardsville","OVC","0-1",0.155864037095322,91.0562716719901,329,105.464658181205,266,73.4478740812733,106,"8.7-21.3","5.5-12.5",-0.146267468629439,202,2017-11-12
65,"SMU","Amer","2-0",0.807629580073582,110.231920926255,58,97.3031801227995,71,68.1621970031598,344,"20.9-12.1","10.2-7.8",0.129356496435852,28,2017-11-12
271,"South Alabama","SB","0-1",0.253702234872921,93.7515326888351,300,102.973422114664,203,73.9213934269914,83,"12.9-19.1","5.6-12.4",-0.221879224195763,207,2017-11-12
42,"South Carolina","SEC","1-0",0.863697024490542,106.350089499843,96,90.5756049778452,4,72.0454983278066,209,"20.4-12.6","8.7-9.3",0.244481550484967,11,2017-11-12
348,"South Carolina St.","MEAC","0-2",0.0565194886505643,88.4424119497301,342,112.971252552313,348,72.2738845215222,194,"8.5-23.5","4.9-11.1",-1.02153553077575,339,2017-11-12
173,"South Dakota","Sum","0-0",0.469801073895876,100.454816078649,187,101.516851563343,158,74.6601021337109,50,"21.7-13.3","8.1-5.9",0.000423593188674909,165,2017-11-12
109,"South Dakota St.","Sum","1-0",0.627056989874027,107.936691718238,79,103.168258375923,209,71.2733790478556,263,"23.4-11.6","10.1-3.9",0.10017441020175,35,2017-11-12
232,"South Florida","Amer","1-0",0.341324983921108,96.9956244122629,249,102.701905338644,190,71.429184342574,253,"12.3-19.7","3.8-14.2",0.0393483870355549,84,2017-11-12
325,"Southeast Missouri St.","OVC","0-0",0.139871801091793,91.1391402212347,328,106.733094932015,283,72.7688654599648,156,"9.9-21.1","5.3-12.7",0.000423593188674909,189,2017-11-12
229,"Southeastern Louisiana","Slnd","0-0",0.344972841397596,98.4710754789701,226,104.117527560356,237,71.9896343167199,213,"18-16","10.6-7.4",0.000423593188674909,172,2017-11-12
322,"Southern","SWAC","0-1",0.153034946755209,94.1083399438984,291,109.205200127507,326,72.95498231965,142,"16.7-16.3","11.3-6.7",-0.541850994426748,256,2017-11-12
140,"Southern Illinois","MVC","1-0",0.547518406782526,101.41909651392,168,99.7516132287229,117,70.3877403899519,300,"18.3-14.7","8.5-9.5",0.208062123719794,15,2017-11-12
289,"Southern Miss","CUSA","0-0",0.208687110283623,93.8209069167076,297,105.350023469424,265,70.1764980383471,304,"12.9-21.1","5.5-12.5",0.000423593188674909,178,2017-11-12
323,"Southern Utah","BSky","0-2",0.150766613739756,96.8341116999895,254,112.540421222403,346,76.1281426458793,14,"9.7-22.3","5.2-12.8",-1.03354540448538,340,2017-11-12
89,"St. Bonaventure","A10","0-1",0.697991283731059,107.788353866116,81,100.215385811739,129,72.7454821954558,158,"18.2-15.8","10.1-7.9",-0.955221433750738,330,2017-11-12
329,"St. Francis NY","NEC","0-1",0.128792722338969,90.1685782651761,336,106.475368045161,282,71.7319322383405,233,"10.3-20.7","6.5-11.5",-0.795824820766259,296,2017-11-12
242,"St. Francis PA","NEC","0-1",0.325518564711373,100.718362458492,181,107.305306309167,290,73.4111043991725,108,"17.3-13.7","11.6-6.4",-0.362986574521989,231,2017-11-12
64,"St. John's","BE","1-0",0.807779337998976,110.646095427503,50,97.6605888881288,80,75.7897981595339,17,"17.9-15.1","7.5-10.5",0.0244066499555764,111,2017-11-12
59,"Stanford","P12","2-0",0.825163319850573,109.572347477165,61,95.7415216990348,51,73.6150490450997,96,"22.2-12.8","10.2-7.8",0.0864488824866239,46,2017-11-12
204,"Stephen F. Austin","Slnd","1-0",0.384099216836715,94.8361572428274,281,98.8111355325834,98,71.3217302262062,257,"21.3-13.7","10.9-7.1",0.0308562972678187,98,2017-11-12
309,"Stetson","ASun","1-0",0.181910660899234,96.2802220089955,261,109.727301497768,329,75.0208927249631,39,"14.5-17.5","5.7-8.3",0.170795954273301,20,2017-11-12
226,"Stony Brook","AE","0-1",0.354703200670262,95.6446658372992,270,100.753529189855,142,71.2673773063395,264,"13.6-18.4","8-8",-0.50820435197962,252,2017-11-12
66,"Syracuse","ACC","1-0",0.803847901423484,107.40006685479,84,95.0028524921967,43,70.5070243027184,298,"19.9-17.1","8.3-9.7",0.0383802174588275,86,2017-11-12
25,"TCU","B12","1-0",0.897233642003461,113.641684917243,24,94.1253991389527,36,71.9679102900054,216,"21.8-11.2","9.3-8.7",0.0499138673159881,72,2017-11-12
61,"Temple","Amer","0-0",0.812541324991508,110.734206893044,47,97.475555737413,74,71.6435163511487,239,"18-15","9.8-8.2",0,195,2017-11-12
54,"Tennessee","SEC","1-0",0.835329870814804,110.618054924232,51,96.050697573572,57,73.26623823238,120,"17.8-17.2","7.8-10.2",0.0111875356538891,134,2017-11-12
300,"Tennessee Martin","OVC","0-2",0.197140518071617,95.4188329185114,273,107.811657225583,296,72.1163959966828,205,"12.3-18.7","6.9-11.1",-1.15703511018003,343,2017-11-12
244,"Tennessee St.","OVC","0-1",0.322404226003759,93.8641335919839,295,100.126546672358,126,71.7130279287326,234,"14.8-15.2","8.9-9.1",-0.171098322036191,204,2017-11-12
246,"Tennessee Tech","OVC","0-0",0.32011733344038,98.0293380684041,234,104.665054286931,256,72.6580614486376,165,"15.8-17.2","8.6-9.4",0.000423593188674909,171,2017-11-12
26,"Texas","B12","1-0",0.895784074217103,110.310806337534,56,91.4907641949805,13,72.1389221250775,202,"20.5-13.5","9.2-8.8",0.00698374621013464,139,2017-11-12
16,"Texas A&M","SEC","1-0",0.924022191124308,113.105410378522,28,91.0198117972208,11,70.6485342056579,291,"23.9-11.1","11.3-6.7",0.706869150291421,1,2017-11-12
270,"Texas A&M Corpus Chris","Slnd","0-0",0.255573372312867,94.3212157153195,290,103.510367448192,218,72.2730666718728,195,"13.8-15.2","8.4-9.6",0.000423593188674909,175,2017-11-12
277,"Texas Southern","SWAC","0-2",0.237142410849362,96.0396630662703,265,106.310300151322,279,73.2416030004844,122,"16.6-19.4","13.3-4.7",-1.01257012852853,338,2017-11-12
233,"Texas St.","SB","0-1",0.338150695898509,94.5333763786084,285,100.218047528393,130,67.7495673439161,346,"15.3-17.7","7-11",-0.848653011369001,305,2017-11-12
37,"Texas Tech","B12","1-0",0.867108209595912,110.974884479634,45,94.2740316692065,38,69.0585478632051,329,"21.1-15.9","8-10",0.0498835583237701,73,2017-11-12
258,"The Citadel","SC","0-1",0.287956153497871,103.916052166503,124,112.427418052268,345,83.2562156899331,1,"14.5-17.5","7-11",-0.342473899958115,224,2017-11-12
135,"Toledo","MAC","1-0",0.557909397793352,106.401719020732,95,104.2705056828,244,71.9915301632365,212,"21-13","11.1-6.9",0.128800094124471,29,2017-11-12
141,"Towson","CAA","0-1",0.545201420807516,101.549006626333,163,99.9606121988217,122,71.7436462215763,232,"17.9-14.1","9.8-8.2",-0.454109477948767,247,2017-11-12
142,"Troy","SB","1-1",0.543259413457953,105.622923568854,102,104.041614729465,234,72.4251452816106,183,"19.6-13.4","10.6-7.4",-0.905383183720999,317,2017-11-12
192,"Tulane","Amer","1-0",0.414689650637944,101.266228334498,169,104.346721750892,248,74.9684887407202,43,"12.1-18.9","4.8-13.2",0.0351452622147189,94,2017-11-12
102,"Tulsa","Amer","0-1",0.664149654623912,105.586885272662,104,99.5085505485181,112,72.1676297962577,198,"15.6-15.4","8.3-9.7",-0.946781455369603,328,2017-11-12
138,"UAB","CUSA","1-0",0.554243824967332,104.226064956046,122,102.270399033778,181,71.642676570344,240,"21.7-11.3","11.3-6.7",0.0168362505108341,127,2017-11-12
262,"UC Davis","BW","0-0",0.268410091514412,93.1038690006881,312,101.586169961823,160,72.5992738617958,170,"13.9-19.1","7.2-8.8",0,191,2017-11-12
170,"UC Irvine","BW","1-1",0.480962159055194,96.9383089625299,252,97.5826632138037,76,70.9571080294405,281,"20.1-14.9","10.8-5.2",-0.259436548398851,215,2017-11-12
245,"UC Riverside","BW","1-0",0.320197241673393,93.6366299512816,303,99.9718072293553,123,72.7836722244312,154,"15.7-15.3","8.2-7.8",0.135302903753614,27,2017-11-12
201,"UC Santa Barbara","BW","1-0",0.394398923548779,99.3953740283394,214,103.172013020431,210,70.0714464214891,311,"18-14","9.4-6.6",0.067912627272722,65,2017-11-12
56,"UCF","Amer","1-0",0.831263928041348,107.850429284882,80,93.8862063924554,32,71.5151041157976,246,"20.9-11.1","10.4-7.6",0.0853077767152632,48,2017-11-12
38,"UCLA","P12","1-0",0.86710047783176,113.123590131932,27,96.0999346005796,58,75.3948804749656,26,"21.4-11.6","11.1-6.9",0.227615345317778,13,2017-11-12
266,"UMass Lowell","AE","0-1",0.264966669042096,99.9292727738552,201,109.200476755233,324,75.0528303240151,37,"13.6-16.4","6.5-9.5",-0.815294833572113,298,2017-11-12
182,"UMBC","AE","0-2",0.447354383491095,104.990520073783,112,106.938050790169,284,73.9607563794504,80,"20.1-15.9","9.3-6.7",-0.92179579757062,320,2017-11-12
315,"UMKC","WAC","0-1",0.162870288348635,92.0821958432511,322,106.168940596803,278,75.2438722429864,31,"9.6-22.4","3.8-10.2",-0.325079704432686,219,2017-11-12
143,"UNC Asheville","BSth","0-1",0.541156255655999,101.583826584791,162,100.136740173752,127,73.1927351644031,128,"21.6-12.4","13.2-4.8",-0.442292167063951,246,2017-11-12
152,"UNC Greensboro","SC","0-1",0.524504856780402,102.857997072889,141,101.984322981261,169,71.4448164913394,249,"21-14","10.9-7.1",-0.112670007299373,199,2017-11-12
145,"UNC Wilmington","CAA","0-0",0.539348076083313,103.699139333346,129,102.286650356085,182,73.3114277232219,115,"17.6-14.4","9.7-8.3",0.000423593188674909,169,2017-11-12
104,"UNLV","MWC","1-0",0.663356611457605,105.81975837636,101,99.7588368176903,118,73.1709819837431,129,"20.3-12.7","9.8-8.2",0.00678343532136538,141,2017-11-12
11,"USC","P12","1-0",0.929310435261464,117.233870193059,9,93.7056261639076,31,73.7055246503583,94,"28.2-7.8","13.5-4.5",0.0736860393763314,54,2017-11-12
273,"USC Upstate","ASun","0-1",0.247188967708406,98.606203460362,225,108.632896374518,315,73.2275878303767,123,"14.2-17.8","6.9-7.1",-0.606914934132651,264,2017-11-12
134,"UT Arlington","SB","1-0",0.56327815063,103.320923252733,136,101.059703263987,147,74.6390152996704,51,"20.6-13.4","11-7",0.0426745999332508,80,2017-11-12
279,"UT Rio Grande Valley","WAC","0-1",0.229531542063612,97.9472564030458,237,108.823777305312,318,79.0594505851166,3,"13.1-19.9","5-9",-0.934018051433991,323,2017-11-12
62,"Utah","P12","1-0",0.809363540340608,108.112698992602,78,95.3396237308014,46,72.9915080624092,138,"21.2-13.8","9.6-8.4",0.0281162244722547,104,2017-11-12
151,"Utah St.","MWC","0-1",0.52806294533691,102.277784738341,149,101.283265285786,151,71.2596984626558,265,"16.2-17.8","7.8-10.2",-0.77446797030928,288,2017-11-12
115,"Utah Valley","WAC","0-2",0.614296751393127,103.023994146434,138,98.9378122630065,103,76.1949498863667,13,"23.6-10.4","10-4",-0.377167918703031,238,2017-11-12
157,"UTEP","CUSA","0-0",0.511951044913662,100.16357499891,195,99.7479917278588,116,71.093485324832,274,"19.9-11.1","11.5-6.5",0.000423593188674909,162,2017-11-12
291,"UTSA","CUSA","0-0",0.206829845519094,92.5437736649635,319,104.017963998771,233,72.3864718093732,187,"13-22","6.4-11.6",0.000423593188674909,160,2017-11-12
131,"Valparaiso","MVC","0-0",0.573421083847204,100.219029665297,194,97.6738975008734,81,71.861432387053,224,"16.9-15.1","8.9-9.1",0.000423593188674909,170,2017-11-12
60,"Vanderbilt","SEC","1-0",0.823514988114153,109.145818968437,66,95.4632793595975,47,70.1005366835879,308,"16.6-15.4","7.4-10.6",0.0729968373792443,56,2017-11-12
68,"VCU","A10","1-0",0.801321549341093,108.588655820387,73,96.1875168071237,61,73.960568220816,81,"23.1-9.9","13.1-4.9",0.0187230849893089,122,2017-11-12
75,"Vermont","AE","0-1",0.752422900148652,108.815807869073,71,98.7901389915759,95,69.1941872056238,325,"25.7-9.3","13.3-2.7",-0.259114846180871,214,2017-11-12
5,"Villanova","BE","1-0",0.948281828336666,117.19209778544,10,91.0011023361302,10,69.540326760641,322,"31-9","13.3-4.7",0.0488743979128595,74,2017-11-12
10,"Virginia","ACC","1-0",0.931223942919566,109.814475028026,60,87.5503977987959,1,64.6706802747642,351,"25.1-8.9","12.4-5.6",0.184353449168741,18,2017-11-12
52,"Virginia Tech","ACC","2-0",0.83863550482428,114.014418842699,20,98.7914410391836,96,74.2764977111328,65,"19.1-13.9","7.9-10.1",0.0370486494620362,91,2017-11-12
345,"VMI","SC","0-1",0.0671481413313572,87.3992646397927,345,109.870180545484,331,73.5382543549084,100,"5.9-24.1","2-16",-0.407119214561253,241,2017-11-12
276,"Wagner","NEC","1-0",0.242043803049181,93.5862632870155,306,103.352459226844,213,68.8147661560428,335,"17.9-15.1","9.9-8.1",0.141104197943305,26,2017-11-12
69,"Wake Forest","ACC","0-1",0.787628246766495,113.771180055233,23,101.515995409596,157,74.0523128571864,76,"16.7-14.3","7.6-10.4",-0.912547481066587,318,2017-11-12
125,"Washington","P12","2-0",0.582655382401512,103.610179009247,131,100.647026918673,140,74.4991778942954,58,"15.9-18.1","6.3-11.7",0.305862042487137,9,2017-11-12
239,"Washington St.","P12","1-0",0.327764948439159,97.9859821981508,236,104.30155639833,246,72.652549312292,166,"8.6-22.4","3-15",0.0350155981522143,95,2017-11-12
148,"Weber St.","BSky","1-0",0.534286815314117,103.428283718182,134,102.20022371194,177,71.2770424652264,262,"22-9","13.1-4.9",0.101425924797845,34,2017-11-12
13,"West Virginia","B12","0-1",0.927951496422098,113.54722624871,25,90.9208441197719,8,75.0026350810018,41,"25.4-11.6","11-7",-0.485471874776567,250,2017-11-12
269,"Western Carolina","SC","0-1",0.257785402564685,93.09875424437,313,102.065858582966,171,72.3430873151012,191,"10.4-20.6","6.5-11.5",-0.262661611577417,217,2017-11-12
303,"Western Illinois","Sum","0-0",0.192524600569412,91.8113149607674,323,104.001375481854,232,72.9372021098731,145,"11-17","3.8-10.2",0.000423593188674909,163,2017-11-12
159,"Western Kentucky","CUSA","0-1",0.505847833616995,104.950290836452,113,104.737026134915,259,71.6708356865582,237,"18.5-19.5","10.4-7.6",-0.871634928981648,309,2017-11-12
126,"Western Michigan","MAC","0-0",0.578169126045068,105.086823517221,110,102.245094142911,180,72.4544795194234,179,"20.3-11.7","11.6-6.4",0.000423593188674909,183,2017-11-12
3,"Wichita St.","Amer","1-0",0.956347944307931,117.372901918507,8,89.7414232202897,2,72.8238968394699,152,"27.9-5.1","14.9-3.1",0.0309811272342644,97,2017-11-12
207,"William & Mary","CAA","0-1",0.37710436008747,103.464081029473,133,108.079195567622,303,74.0273467875956,79,"12.4-18.6","6.9-11.1",-0.884867889165758,310,2017-11-12
217,"Winthrop","BSth","0-1",0.367615269720351,98.2507904907347,229,102.996377822733,204,74.6117597639629,53,"16.9-14.1","10.6-7.4",-0.905191677392418,316,2017-11-12
31,"Wisconsin","B10","2-0",0.883381366131897,109.374916856632,63,91.7170093445204,15,69.0567793587931,330,"20.5-12.5","10.1-7.9",0.0680008077199967,64,2017-11-12
171,"Wofford","SC","0-1",0.47712428401777,103.46716063159,132,104.294288815064,245,70.1049702156473,307,"18.4-15.6","10.2-7.8",-0.783425106522033,292,2017-11-12
183,"Wright St.","Horz","0-1",0.447190018496366,100.551440904788,184,102.422549760405,183,73.7405663780519,92,"18.5-16.5","9.5-8.5",-0.367168770024524,233,2017-11-12
103,"Wyoming","MWC","1-0",0.663748156414524,105.228469274304,108,99.1862865244952,106,76.0508387046789,15,"19.7-13.3","9.7-8.3",0.0201248470602767,120,2017-11-12
12,"Xavier","BE","1-0",0.928982687981777,117.642925546984,6,94.073302564676,35,71.7914069295419,228,"26.3-8.7","12.1-5.9",0.0246960638493992,109,2017-11-12
118,"Yale","Ivy","0-2",0.60050762896615,104.829215759012,116,101.17894798578,148,72.3451482639482,190,"17.5-13.5","9-5",-0.789224446207684,293,2017-11-12
264,"Youngstown St.","Horz","0-1",0.266009607356701,100.79042656367,179,110.090314891071,335,75.6609813610999,23,"11.7-20.3","6.1-11.9",-0.904983528918156,315,2017-11-12
